                31623
         31456
                                     30201
                              30102
                                            22345
                                     22345
                       20103
                14142
  12345
         10203
  31416
                22345
         22345
                       22222
                20301
                       10203
                              10101
                31416
         22345
                22345
  22222
                20301
         10203
                10101
